Номер узла	Значение x			Значение y
1    		1         			1,4142135623731
2			1,025     			1,39621306554458
3			1,05      			1,37766005651006
4			1,075     			1,35865877007739
5			1,1       			1,33930942550771
6			1,125     			1,31970695656703
7			1,15      			1,29994005251154
8			1,175     			1,28009049188626
9			1,2       			1,26023274121819
10			1,225     			1,24043378460025
11			1,25      			1,22075314731536
12			1,275     			1,20124307642355
13			1,3       			1,1819488429707
14			1,325     			1,16290913355144
15			1,35      			1,14415650282649
16			1,375     			1,12571786281445
17			1,4       			1,10761498901413
18			1,425     			1,08986502743106
19			1,45      			1,07248099023112
20			1,475     			1,0554722309444
21			1,5       			1,03884489286487
22			1,525     			1,02260232654383
23			1,55      			1,00674547408981
24			1,575     			0,991273219409475
25			1,6       			0,976182704606301
26			1,625     			0,961469613547848
27			1,65      			0,947128424170521
28			1,675     			0,933152631457448
29			1,7       			0,919534943241897
30			1,725     			0,906267451089679
31			1,75      			0,893341778528385
32			1,775     			0,88074920884263
33			1,8       			0,868480794561797
34			1,825     			0,856527450645009
35			1,85      			0,844880033228786
36			1,875     			0,833529405654799
37			1,9       			0,822466493344847
38			1,925     			0,8116823289422
39			1,95      			0,801168088996152
40			1,975     			0,790915123332001
41			2         			0,780914978123085


Количество узлов - 40
Шаг - 0,0249999999999999
Точность - 0,001